Source,GPT_Category,Positive_Percentage,Negative_Percentage,Neutral_Percentage,Total_Comments
reddit,Comment_ask a genuine question,60.76512455516014,19.773131672597867,19.461743772241995,4496
reddit,Comment_ask a rhetorical question,60.788381742738586,19.657676348547717,19.553941908713693,3856
reddit,Comment_provide a fact or claim,55.97090321277026,22.598504748434028,21.430592038795716,24745
reddit,Comment_provide an observation,55.34487906837862,22.618692146909524,22.036428784711852,13396
reddit,Comment_express their opinion,56.51658377523797,22.416916438852475,21.066499785909553,30361
reddit,Comment_express others opinions,58.91285591026747,20.672993960310613,20.414150129421916,5795
reddit,Critique_money aid allocation,57.80839073262367,20.87664370695053,21.314965560425797,7985
reddit,Critique_government critique,56.40172278778387,21.92638997650744,21.67188723570869,10216
reddit,Critique_societal critique,55.903723887375115,22.6687859521647,21.427490160460188,26424
reddit,Response_solutions/interventions,56.696002544799065,21.811048669282155,21.492948785918777,9431
reddit,Perception_media portrayal,60.168810289389064,19.45337620578778,20.377813504823152,2488
reddit,Perception_not in my backyard,60.71218363743378,19.540906415538554,19.746909947027664,3398
reddit,Perception_harmful generalization,56.435449007663586,21.910001965022598,21.654549027313813,10178
reddit,Perception_deserving/undeserving,55.335008375209384,22.747068676716918,21.917922948073702,11940
reddit,Racist_Flag,58.620689655172406,22.413793103448278,18.96551724137931,58
news,Comment_ask a genuine question,71.01449275362319,8.695652173913043,20.28985507246377,69
news,Comment_ask a rhetorical question,67.79661016949152,5.084745762711865,27.11864406779661,118
news,Comment_provide a fact or claim,70.63953488372093,13.039867109634551,16.32059800664452,2408
news,Comment_provide an observation,70.06369426751591,11.8895966029724,18.046709129511676,942
news,Comment_express their opinion,68.88045540796965,13.18785578747628,17.93168880455408,1054
news,Comment_express others opinions,71.2401055408971,11.081794195250659,17.678100263852244,758
news,Critique_money aid allocation,70.9726443768997,11.094224924012158,17.933130699088146,658
news,Critique_government critique,71.27139364303179,11.124694376528117,17.6039119804401,818
news,Critique_societal critique,70.28248587570621,11.638418079096045,18.07909604519774,885
news,Response_solutions/interventions,68.08228268082283,14.731254147312542,17.186463171864634,1507
news,Perception_media portrayal,72.10884353741497,5.782312925170068,22.108843537414966,294
news,Perception_not in my backyard,68.9922480620155,5.426356589147287,25.581395348837212,129
news,Perception_harmful generalization,71.10091743119266,6.422018348623854,22.477064220183486,218
news,Perception_deserving/undeserving,68.36158192090396,6.214689265536723,25.423728813559322,177
news,Racist_Flag,0.0,0.0,100.0,1
x,Comment_ask a genuine question,59.48275862068966,13.793103448275861,26.72413793103448,232
x,Comment_ask a rhetorical question,52.595936794582386,20.54176072234763,26.86230248306998,443
x,Comment_provide a fact or claim,44.66135458167331,26.414342629482075,28.92430278884462,2510
x,Comment_provide an observation,45.76485461441214,25.853350189633375,28.38179519595449,1582
x,Comment_express their opinion,44.727730563424615,26.062322946175637,29.209946490399748,3177
x,Comment_express others opinions,52.80172413793104,21.120689655172413,26.07758620689655,464
x,Critique_money aid allocation,49.92319508448541,23.34869431643625,26.72811059907834,651
x,Critique_government critique,46.26865671641791,25.76590730557737,27.965435978004717,1273
x,Critique_societal critique,44.84978540772532,26.502145922746784,28.6480686695279,1864
x,Response_solutions/interventions,47.65342960288809,24.6690734055355,27.67749699157641,831
x,Perception_media portrayal,55.4089709762533,17.150395778364118,27.440633245382585,379
x,Perception_not in my backyard,57.19298245614035,15.789473684210526,27.017543859649123,285
x,Perception_harmful generalization,46.01425793907972,25.664290343486712,28.321451717433572,1543
x,Perception_deserving/undeserving,48.86685552407932,23.79603399433428,27.3371104815864,706
x,Racist_Flag,16.666666666666664,33.33333333333333,50.0,6
meeting_minutes,Comment_ask a genuine question,67.46849942726232,12.943871706758307,19.587628865979383,873
meeting_minutes,Comment_ask a rhetorical question,80.3347280334728,7.112970711297072,12.552301255230125,239
meeting_minutes,Comment_provide a fact or claim,79.39091625098452,8.716198477290629,11.892885271724863,7618
meeting_minutes,Comment_provide an observation,71.44556811421772,11.24330755502677,17.311124330755504,1681
meeting_minutes,Comment_express their opinion,79.17781219203154,8.92580599746586,11.896381810502604,7103
meeting_minutes,Comment_express others opinions,72.68542199488492,10.588235294117647,16.72634271099744,1955
meeting_minutes,Critique_money aid allocation,75.0,10.12216404886562,14.87783595113438,2292
meeting_minutes,Critique_government critique,75.53414327607875,9.844993715961458,14.620863007959784,2387
meeting_minutes,Critique_societal critique,74.81252756947508,10.145566828407587,15.041905602117337,2267
meeting_minutes,Response_solutions/interventions,79.40121907493726,8.605234851201148,11.9935460738616,5578
meeting_minutes,Perception_media portrayal,78.91373801916933,7.667731629392971,13.418530351437699,313
meeting_minutes,Perception_not in my backyard,77.82426778242679,9.832635983263598,12.343096234309623,478
meeting_minutes,Perception_harmful generalization,79.12087912087912,8.241758241758241,12.637362637362637,364
meeting_minutes,Perception_deserving/undeserving,66.66666666666666,13.060428849902534,20.2729044834308,1026
meeting_minutes,Racist_Flag,75.0,25.0,0.0,4
